variant,model_seed,episode,cost,rolling_cost,immediate_cost,penalty,energy_use,latency_ms,thermal_violation,energy_violation,queue_violation,contact_violation,epsilon,loss,td_loss,auxiliary_loss
immediate_advantage_dqn,814,0,126.18126167316927,126.18126167316927,41.059831604361534,85.12143012841241,1.8538875738158822,24911.744199752808,0.0,32.0,12.0,0.0,0.9954761904761905,,,
immediate_advantage_dqn,814,1,115.0489529311657,120.61510730216749,41.857169315218925,73.19178342223168,1.755554218776524,24023.556690216064,0.0,32.0,0.0,2.0,0.9909523809523809,1.4425780773162842,1.4287830591201782,0.04598335176706314
immediate_advantage_dqn,814,2,99.09057388603688,113.44026283012396,37.267968624830246,61.822605365514754,1.6767567731440067,21758.65097808838,0.0,28.0,0.0,1.0,0.9864285714285714,1.1892816349864006,1.1763634011149406,0.043060750933364034
immediate_advantage_dqn,814,3,206.01330884676895,136.5835243342852,45.01581762731075,160.9974910853477,1.9859640281647444,27045.278831481934,0.0,37.0,27.0,2.0,0.981904761904762,1.1763808317482471,1.165355820208788,0.03675007703714073
immediate_advantage_dqn,814,4,188.43465520448376,146.9537505083249,49.931068420410156,138.50358672446893,1.903903041034937,28482.04923248291,0.0,39.0,34.0,1.0,0.9773809523809524,1.2215899974107742,1.2144102081656456,0.02393260272219777
immediate_advantage_dqn,814,5,112.87528872489929,141.27400687775398,38.476317681372166,74.39897094666958,1.7477996479719877,22909.166233062744,0.0,32.0,0.0,0.0,0.9728571428571429,1.1098815649747849,1.1058859713375568,0.01331867853878066
immediate_advantage_dqn,814,6,105.54100721272202,136.16929263989226,35.33894884586334,70.2020586201784,1.7617288399487734,21592.085739135742,0.0,31.0,2.0,1.0,0.9683333333333334,0.9476536549627781,0.9445100016891956,0.01047880807891488
immediate_advantage_dqn,814,7,179.48306222154406,141.58351383759873,44.969463370740414,134.51359888060597,1.9387141736224294,27153.916046142578,0.0,37.0,35.0,2.0,0.9638095238095238,0.9808981381356716,0.9780830591917038,0.009383566619362682
immediate_advantage_dqn,814,8,149.03362123739697,142.41130354868744,36.749188646674156,112.2844326652286,1.8006578758358955,23145.95985031128,0.0,30.0,25.0,2.0,0.9592857142857143,0.9761849790811539,0.9714959338307381,0.015630141831934452
immediate_advantage_dqn,814,9,115.08709259201005,139.6788824530197,34.609826132655144,80.47726671267466,1.7145506627857685,21183.210887908936,0.0,32.0,13.0,2.0,0.9547619047619048,0.7798266261816025,0.7759913839399815,0.01278414181433618
immediate_advantage_dqn,814,10,112.25831623673439,137.18610370608465,37.1598314344883,75.09848459362983,1.7283727554604411,22201.82152557373,0.0,32.0,0.0,2.0,0.9502380952380952,0.5629596207290888,0.559064881876111,0.012982469866983593
immediate_advantage_dqn,814,11,100.84428741186858,134.1576190149,34.71854253858328,66.12574524581433,1.6396617582067847,20326.077701568604,0.0,29.0,0.0,1.0,0.9457142857142857,0.41589776799082756,0.41107961535453796,0.016060507332440466
immediate_advantage_dqn,814,12,116.20416045188904,132.77658374082222,41.87617652118206,74.32798418402672,1.7541608661413193,24252.94631767273,0.0,32.0,0.0,0.0,0.9411904761904761,0.30855537205934525,0.30467754788696766,0.012926071707624942
immediate_advantage_dqn,814,13,114.7564007729292,131.48942781454417,43.700637981295586,71.05576235949994,1.8052938571199775,25013.9097366333,0.0,31.0,0.0,3.0,0.9366666666666666,0.2800882374867797,0.2769272830337286,0.010536505782511085
immediate_advantage_dqn,814,14,158.57756022939884,133.2953033088678,42.35210923850536,116.22545088658529,1.8349886974319816,25110.17158126831,0.0,38.0,31.0,1.0,0.9321428571428572,0.25843693036586046,0.25578782986849546,0.008830334583763033
immediate_advantage_dqn,814,15,108.95541532244108,131.7740603097161,37.929942548274994,71.02547264005564,1.7801670851185918,23310.76788330078,0.0,30.0,1.0,0.0,0.9276190476190476,0.5550415478646755,0.5525199696421623,0.008405277883866802
immediate_advantage_dqn,814,16,104.77222234904767,130.18571690026502,34.58920143544674,70.18302057087422,1.6641112929210067,20782.31037902832,0.0,31.0,0.0,1.0,0.9230952380952381,0.632913738489151,0.6304655242711306,0.008160710480296984
immediate_advantage_dqn,814,17,102.8106411844492,128.66487936049748,34.64760972559452,68.16303142905235,1.6579150762408972,20464.260692596436,0.0,30.0,0.0,0.0,0.9185714285714286,0.40401340182870626,0.4013939006254077,0.008731663576327264
immediate_advantage_dqn,814,18,119.70728988945484,128.1934272830742,40.69748291373253,79.00980649888515,1.729272029362619,22927.754737854004,0.0,33.0,0.0,0.0,0.914047619047619,0.3103459822013974,0.30793130211532116,0.008048941323067993
immediate_advantage_dqn,814,19,123.82932011783123,127.97522192481203,39.75882562994957,84.07049465179443,1.743515720590949,23198.039554595947,0.0,34.0,0.0,0.0,0.9095238095238095,0.24948225729167461,0.2468495164066553,0.0087757981964387
immediate_advantage_dqn,814,20,107.02523404359818,127.01742054333349,36.995379239320755,70.02985560894012,1.6860923860222101,21578.89826965332,0.0,30.0,0.0,0.0,0.905,0.22301646135747433,0.22060267347842455,0.008045964874327183
immediate_advantage_dqn,814,21,103.50431570410728,126.44018868198057,36.48102022707462,67.0232965350151,1.6600083010271192,21335.45546722412,0.0,28.0,0.0,1.0,0.9004761904761904,0.2326048780232668,0.23036809731274843,0.007455939368810505
immediate_advantage_dqn,814,22,166.83846466492443,129.82758322092496,44.5745058581233,122.26395914952779,1.903100112453103,26776.412788391113,0.0,37.0,26.0,0.0,0.895952380952381,0.22238474059849977,0.21984966937452555,0.008450243418337777
immediate_advantage_dqn,814,23,109.82932690680028,125.01838412392651,35.96130312979221,73.86802398562432,1.6848417818546295,21156.154289245605,0.0,31.0,0.0,3.0,0.8914285714285715,0.6343122189864516,0.6318439664319158,0.00822751154191792
immediate_advantage_dqn,814,24,123.19294782538273,121.75629875497148,39.25760976970196,83.93533823449471,1.7838675454258919,23354.225271224976,0.0,34.0,8.0,1.0,0.8869047619047619,0.5846317782998085,0.5820060148835182,0.00875255631399341
immediate_advantage_dqn,814,25,88.56495399177075,120.54078201831503,32.3828075453639,56.18214666247368,1.5160630866885185,18396.670608520508,0.0,25.0,0.0,2.0,0.8823809523809524,0.38331012427806854,0.3794004302471876,0.013032298709731549
immediate_advantage_dqn,814,26,136.8077390739151,122.1041186113747,40.80035524070263,96.0073832818695,1.8329901425167918,24475.66823577881,0.0,37.0,18.0,2.0,0.8778571428571429,0.3188720978796482,0.31548512913286686,0.01128987577976659
immediate_advantage_dqn,814,27,147.7486490917843,120.51739795488672,41.912295922636986,105.83635376519375,1.8991762669757009,25226.50567626953,0.0,37.0,22.0,0.0,0.8733333333333333,0.304205559194088,0.3014509752392769,0.009181955829262733
immediate_advantage_dqn,814,28,130.21343037120167,119.57638841157696,41.6324113458395,88.58101902536217,1.8353608939796686,24763.931980133057,0.0,35.0,6.0,1.0,0.8688095238095238,0.3070068769156933,0.30367613211274147,0.01110248820623383
immediate_advantage_dqn,814,29,107.05790685862303,119.1749291249076,36.05722852796316,71.00067779421806,1.7067804345861077,21416.30318069458,0.0,31.0,0.0,0.0,0.8642857142857143,0.258425697684288,0.2552247545681894,0.010669817158486694
immediate_advantage_dqn,814,30,166.12346606656206,121.86818661639896,46.23361876606941,119.88984713657985,1.9567458219826221,27108.104011535645,0.0,38.0,25.0,3.0,0.8597619047619047,0.28514756727963686,0.2817519847303629,0.01131860341411084
immediate_advantage_dqn,814,31,121.23387145996094,122.88766581880358,37.707510367035866,83.52636042237282,1.7340821931138635,21901.029273986816,0.0,36.0,0.0,0.0,0.8552380952380952,0.6926497286185622,0.6893841363489628,0.010885331954341382
immediate_advantage_dqn,814,32,126.85798818509002,123.42035720546365,41.53386929631233,85.3241192762079,1.7807778185233474,23945.651149749756,0.0,31.0,14.0,2.0,0.8507142857142858,0.4551770742982626,0.4514944273978472,0.012275482469704002
immediate_advantage_dqn,814,33,108.92530138790607,123.12880223621251,34.43088358640671,74.49441756308079,1.6855168556794524,20589.88447189331,0.0,32.0,0.0,0.0,0.8461904761904762,0.4192957244813442,0.41567699424922466,0.012062426772899926
immediate_advantage_dqn,814,34,116.65965968370438,121.03290720892775,42.19233536720276,74.46732452511787,1.8145615439862013,24538.235689163208,0.0,32.0,0.0,0.0,0.8416666666666667,0.3801905680447817,0.3766036182641983,0.011956517642829567
immediate_advantage_dqn,814,35,114.06181316077709,121.28822710084455,36.47250532358885,77.58930793404579,1.7021720074117184,21367.581817626953,0.0,34.0,0.0,0.0,0.8371428571428572,0.3759233336895704,0.3720306931063533,0.012975485995411873
immediate_advantage_dqn,814,36,160.27652602660754,124.06344228472256,42.763539738953114,117.51298627275322,1.8739036554470658,25352.447216033936,0.0,35.0,31.0,1.0,0.8326190476190476,0.3367432616651058,0.3332544295117259,0.01162945106625557
immediate_advantage_dqn,814,37,122.91721182087167,125.06877081654368,39.024697974324226,83.89251374223932,1.803214025683701,23546.11858177185,0.0,33.0,5.0,2.0,0.8280952380952381,0.3653795961290598,0.3611717876046896,0.014026015705894679
immediate_advantage_dqn,814,38,120.56133520752192,125.11147308244703,40.47395747154951,80.08737700581551,1.8062890693545341,24033.084869384766,0.0,33.0,0.0,2.0,0.8235714285714286,0.3583223558962345,0.35446952003985643,0.012842779571656138
immediate_advantage_dqn,814,39,180.2130127783027,127.9306577154706,47.12291496992111,133.09009792759085,1.9619459994137287,27748.143356323242,0.0,38.0,32.0,1.0,0.819047619047619,0.8102894313633442,0.807115850970149,0.01057861908338964
immediate_advantage_dqn,814,40,157.6092409193922,130.45985805926028,42.80706004798412,114.80218096081506,1.8786141639575362,24962.258380889893,0.0,35.0,20.0,3.0,0.8145238095238095,0.5181619245558977,0.5136333554983139,0.015095219598151743
immediate_advantage_dqn,814,41,152.97143253985308,132.9332139010476,43.840774945914745,109.1306574896302,1.8965865224599838,25805.493698120117,0.0,35.0,25.0,2.0,0.81,0.4486849969252944,0.445318185724318,0.011222684755921364
immediate_advantage_dqn,814,42,114.84755367338657,130.33366835147072,38.289697378873825,76.55785633921623,1.7329745730385184,22499.873279571533,0.0,33.0,0.0,2.0,0.8054761904761905,0.460178816691041,0.4549630619585514,0.017385844548698515
immediate_advantage_dqn,814,43,118.2866471260786,130.75653436243462,46.565875604748726,71.7207717448473,1.8247854560613632,26268.505249023438,0.0,30.0,0.0,0.0,0.800952380952381,0.494216738268733,0.4896890241652727,0.015092383022420108
immediate_advantage_dqn,814,44,109.72045117616653,130.08290952997385,37.828827291727066,71.89162440598011,1.7110040290281177,22116.775577545166,0.0,30.0,0.0,1.0,0.7964285714285715,0.44216974452137947,0.4380897805094719,0.013599884056020528
immediate_advantage_dqn,814,45,116.43719340115786,131.4765215004432,41.22728315740824,75.20990943908691,1.762456958182156,23438.12020111084,0.0,32.0,0.0,2.0,0.7919047619047619,0.410985354334116,0.40738468896597624,0.01200222090119496
immediate_advantage_dqn,814,46,104.56075292825699,129.86417219316027,32.65059543401003,71.91015720367432,1.673360463231802,20007.132858276367,0.0,33.0,0.0,1.0,0.7873809523809524,0.6240142118185759,0.6196945868432522,0.014398745901416987
immediate_advantage_dqn,814,47,101.99400594234467,127.57644003568828,33.90947572886944,68.08452993035317,1.6335765710100532,19282.16657447815,0.0,31.0,0.0,1.0,0.7828571428571429,0.8565802276134491,0.8516085781157017,0.01657216774765402
immediate_advantage_dqn,814,48,120.36755304187537,127.08414616922198,42.167612977325916,78.1999385893345,1.797427668236196,24040.996089935303,0.0,33.0,0.0,1.0,0.7783333333333333,0.5892150271683931,0.5847460832446814,0.014896465407218784
immediate_advantage_dqn,814,49,132.6472667045168,128.36361416151664,40.40126436948776,92.24600156016866,1.8475547302514315,24507.42919921875,0.0,35.0,7.0,0.0,0.7738095238095238,0.5255118794739246,0.5211629895493388,0.014496297633741051
immediate_advantage_dqn,814,50,164.4804369913697,128.28146270775704,40.174361154437065,124.30607573262449,1.876161110587418,24278.30723953247,0.0,34.0,31.0,1.0,0.7692857142857144,0.4603755436837673,0.455053448677063,0.017740307783242315
immediate_advantage_dqn,814,51,117.374277561903,128.08848301285414,39.212011605501175,78.16226623952389,1.790837150067091,23611.03370285034,0.0,34.0,0.0,0.0,0.7647619047619048,0.4964654063805938,0.4925237437710166,0.013138874666765332
immediate_advantage_dqn,814,52,115.28321355581284,127.50974428139027,40.21792967617512,75.06528413295746,1.7669890252873302,23310.683406829834,0.0,31.0,0.0,1.0,0.7602380952380953,0.49926858860999346,0.49446588288992643,0.016009007289540023
immediate_advantage_dqn,814,53,125.64470593631268,128.3457145088106,40.32588894665241,85.31881608068943,1.7481369748711586,23363.871166229248,0.0,35.0,0.0,1.0,0.7557142857142858,0.5360846929252148,0.5311508234590292,0.01644624868640676
immediate_advantage_dqn,814,54,121.59842077049039,128.5926525631499,38.78923165798187,82.80918927642131,1.7498348783701658,22913.03940963745,0.0,34.0,13.0,2.0,0.7511904761904762,0.713077038526535,0.707955569960177,0.01707153406459838
immediate_advantage_dqn,814,55,102.08919164538383,127.99402148738027,38.997645646333694,63.09154564142227,1.6828484060242772,22240.640098571777,0.0,26.0,0.0,0.0,0.7466666666666667,0.8879968523979187,0.8841622769832611,0.012781881436239928
immediate_advantage_dqn,814,56,116.50858982801438,125.8056246774506,40.743152409791946,75.7654377013445,1.7764265285804868,23452.221530914307,0.0,33.0,0.0,1.0,0.7421428571428572,0.6521285846829414,0.6479972824454308,0.013771017780527472
immediate_advantage_dqn,814,57,110.77758094072342,125.1986431334432,36.489155404269695,74.28842532038689,1.71132408734411,21410.500118255615,0.0,31.0,0.0,1.0,0.7376190476190476,0.6166024720296264,0.6107018459588289,0.019668746506795287
immediate_advantage_dqn,814,58,109.88662368953229,124.66490755754371,38.20372427999973,71.68289994597436,1.6993443639948964,21920.311557769775,0.0,31.0,0.0,1.0,0.7330952380952381,0.6506140399724245,0.6456546485424042,0.016531302710063756
immediate_advantage_dqn,814,59,105.6017364114523,120.93434373920118,35.42366523295641,70.17807126045227,1.7096987450495362,20978.012367248535,0.0,29.0,0.0,0.0,0.7285714285714286,0.6676914663985372,0.6613478641957045,0.021145355771295726
immediate_advantage_dqn,814,60,126.22920509687037,119.3653419480751,41.177169278264046,85.05203534176917,1.8358942586928606,24522.8585357666,0.0,34.0,11.0,2.0,0.724047619047619,0.5504303788766265,0.5443147718906403,0.02038535661995411
immediate_advantage_dqn,814,61,117.6122369386837,117.59738216801661,38.49659179151058,79.11564534088822,1.7648186879232526,22409.99566268921,0.0,31.0,14.0,2.0,0.7195238095238095,0.47719987388700247,0.47370349895209074,0.011654571688268334
immediate_advantage_dqn,814,62,134.3048117167578,118.57024507018517,45.49913785606623,88.80567392029623,1.8662249268963933,26092.11213684082,0.0,34.0,15.0,0.0,0.7150000000000001,0.8235227949917316,0.8169912416487932,0.021771840169094503
immediate_advantage_dqn,814,63,90.58783238381147,117.1853043330718,32.50017420202494,58.087658897042274,1.5719451364129782,18760.455543518066,0.0,28.0,0.0,0.0,0.7104761904761905,0.812773959711194,0.8065490983426571,0.02074951760005206
immediate_advantage_dqn,814,64,122.58952060341835,117.82875780443442,41.0378831923008,81.55163745582104,1.8348971735686064,24209.72869491577,0.0,35.0,0.0,0.0,0.7059523809523809,0.6462639197707176,0.6402696929872036,0.019980780314654112
immediate_advantage_dqn,814,65,115.94535878300667,117.80416607352686,38.24196100234985,77.70339758694172,1.724927849136293,22034.823625564575,0.0,35.0,0.0,0.0,0.7014285714285715,0.6756222061812878,0.6694843620061874,0.02045946370344609
immediate_advantage_dqn,814,66,112.94153099656106,118.22320497694207,39.69690963625908,73.24462147951127,1.7975638071075082,23443.295064926147,0.0,30.0,0.0,1.0,0.6969047619047619,0.6385529330000281,0.6338135758414865,0.015797881700564176
immediate_advantage_dqn,814,67,100.6277123093605,118.15489029529286,35.001670360565186,65.62604176998138,1.6868532653898,20422.162910461426,0.0,27.0,0.0,0.0,0.6923809523809523,0.6969838179647923,0.6925609335303307,0.014742957544513047
immediate_advantage_dqn,814,68,113.55734947323799,117.81438011686097,37.63100964576006,75.92633880674839,1.7069885022938251,21524.421096801758,0.0,33.0,0.0,0.0,0.687857142857143,0.6416093967854977,0.6355281621217728,0.02027078252285719
immediate_advantage_dqn,814,69,122.15705251991749,117.28986940763102,42.04723611474037,80.10981704592704,1.8343796283006668,24058.109783172607,0.0,33.0,0.0,3.0,0.6833333333333333,0.6640249062329531,0.6591230435296893,0.01633953780401498
immediate_advantage_dqn,814,70,200.20349982944717,119.07602254953488,42.88915325701237,157.3143465724348,1.852913847193122,24887.903495788574,0.0,37.0,43.0,3.0,0.6788095238095238,0.9611315540969372,0.9566781278699636,0.014844777586404234
immediate_advantage_dqn,814,71,149.14174063523743,120.6643957032016,44.05971723794937,105.08202382942169,1.8673647614195943,25585.226306915283,0.0,36.0,21.0,1.0,0.6742857142857144,0.8621412217617035,0.8575057424604893,0.015451609098818153
immediate_advantage_dqn,814,72,120.07046192884445,120.90375812185319,44.45453929901123,75.61592215299606,1.7606945633888245,24317.43544769287,0.0,32.0,0.0,1.0,0.6697619047619048,0.7386930584907532,0.732427179813385,0.02088622422888875
immediate_advantage_dqn,814,73,99.55000136047602,119.59902289306135,35.592577286064625,63.95742452144623,1.6151366839185357,20698.721199035645,0.0,29.0,0.0,1.0,0.6652380952380952,0.853623028844595,0.849134624004364,0.0149613484099973
immediate_advantage_dqn,814,74,123.83283853828907,119.71074378145128,41.17364376783371,82.65919444262981,1.853299280628562,24220.38014602661,0.0,34.0,0.0,3.0,0.6607142857142857,0.584498836658895,0.5768652856349945,0.025445163482800126
immediate_advantage_dqn,814,75,117.8092392474413,120.49674616155417,40.97488282620907,76.83435706198216,1.7880280073732138,23989.09437561035,0.0,32.0,0.0,1.0,0.6561904761904762,0.6733493003994226,0.6677177315577865,0.01877190626692027
immediate_advantage_dqn,814,76,106.23629312217236,119.98313132626205,36.35005435347557,69.88623851537704,1.6378255598247051,20499.08868408203,0.0,31.0,0.0,1.0,0.6516666666666667,0.7230222364887595,0.7175487820059061,0.01824484212556854
immediate_advantage_dqn,814,77,108.83979609698926,119.88624208407535,37.690148025751114,71.14964789242421,1.797488653101027,23174.845123291016,0.0,30.0,3.0,2.0,0.6471428571428571,0.7065278496593237,0.7023190362378955,0.01402937137754634
immediate_advantage_dqn,814,78,112.85706179738045,120.03476398946775,40.22355389595032,72.63350788652897,1.7930584968999028,23022.673797607422,0.0,31.0,0.0,2.0,0.6426190476190476,1.0290259774774313,1.0208349414169788,0.02730340720154345
immediate_advantage_dqn,814,79,102.75281326472759,119.89231783213151,36.366782397031784,66.38603085279465,1.6271938923746347,20642.97130203247,0.0,28.0,0.0,0.0,0.6380952380952382,0.7105800528079271,0.7062340946868062,0.014486503147054464
immediate_advantage_dqn,814,80,111.8719583004713,119.17445549231157,40.042615197598934,71.8293436318636,1.738395519554615,22854.78140449524,0.0,31.0,0.0,1.0,0.6335714285714286,0.7689855853095651,0.7625678665935993,0.02139242208795622
immediate_advantage_dqn,814,81,113.20534989237785,118.95411113999629,37.373979687690735,75.8313699066639,1.7281122393906116,21676.658794403076,0.0,34.0,0.0,1.0,0.6290476190476191,0.6065768571570516,0.5992854489013553,0.024304711201693863
immediate_advantage_dqn,814,82,122.38276169502736,118.35800863890977,40.41336941719055,81.96939169669152,1.7964031677693129,24077.86603164673,0.0,33.0,4.0,0.0,0.6245238095238095,0.7618111502379179,0.7558868508785963,0.019747670681681484
immediate_advantage_dqn,814,83,109.58421894460916,119.30782796694966,35.47422159463167,74.10999754369259,1.6695630960166454,20350.38271331787,0.0,32.0,0.0,2.0,0.62,0.7900056708604097,0.7834565918892622,0.021830267272889614
immediate_advantage_dqn,814,84,108.45576099296595,118.60113998642703,40.40732802450657,68.04843281944777,1.7319017527624965,23198.778831481934,0.0,29.0,2.0,0.0,0.6154761904761905,0.6324332393705845,0.627018322236836,0.01804974488914013
immediate_advantage_dqn,814,85,111.6805481761694,118.38789945608517,38.3399046510458,73.34064361453056,1.6969625866040587,21486.462608337402,0.0,31.0,0.0,1.0,0.6109523809523809,0.9258326012641191,0.9190132254734635,0.02273126260843128
immediate_advantage_dqn,814,86,114.83002189811093,118.48232400116265,35.79659740626812,79.03342385109288,1.841018353588879,22387.3642578125,0.0,33.0,1.0,0.0,0.6064285714285714,0.9852452352643013,0.9795561693608761,0.01896355807548389
immediate_advantage_dqn,814,87,109.74281243383885,118.93807900738656,37.918038591742516,71.82477399110795,1.7154389470815659,21597.97300720215,0.0,30.0,0.0,1.0,0.6019047619047619,0.9089758358895779,0.9008842837065458,0.026971824001520872
immediate_advantage_dqn,814,88,120.03670040376414,119.26204655391288,38.198035687208176,81.83866502948035,1.7823785254731774,22444.414699554443,0.0,35.0,10.0,1.0,0.5973809523809523,0.7749009523540735,0.7702014409005642,0.015665045764762908
immediate_advantage_dqn,814,89,124.17088967859745,119.36273841184689,41.025407150387764,83.1454827517271,1.7818941231817007,23938.857654571533,0.0,35.0,0.0,2.0,0.592857142857143,1.0644753687083721,1.0580274127423763,0.021493193053174764
immediate_advantage_dqn,814,90,114.53107797503472,115.07911731912625,36.47681415081024,78.05426343679429,1.7404073812067509,21623.510986328125,0.0,34.0,0.0,1.0,0.5883333333333334,0.8961127512156963,0.8903500288724899,0.019209095975384116
immediate_advantage_dqn,814,91,109.81229972839355,113.11264527378405,36.20644295215607,73.60585688054562,1.669879773631692,20561.58065032959,0.0,32.0,0.0,0.0,0.5838095238095238,0.8359222020953894,0.8302035611122847,0.01906214520568028
immediate_advantage_dqn,814,92,100.3764818161726,112.12794626815048,30.877555295825005,69.4989265948534,1.6290083453059196,18377.565460205078,0.0,30.0,0.0,0.0,0.5792857142857144,0.7219569813460112,0.7158202566206455,0.02045577357057482
immediate_advantage_dqn,814,93,101.67567251622677,112.23422982593802,38.544825822114944,63.1308469325304,1.712581048719585,22212.90756225586,0.0,27.0,0.0,0.0,0.5747619047619048,1.0710572507232428,1.0639212392270565,0.023786742123775184
immediate_advantage_dqn,814,94,112.53922875225544,111.66954933663632,36.19625011086464,76.34297841787338,1.6763782976195216,20921.276138305664,0.0,32.0,0.0,2.0,0.5702380952380952,0.9699839074164629,0.9640524853020906,0.01977138500660658
immediate_advantage_dqn,814,95,110.13300371170044,111.28573755984928,36.78065326809883,73.35235026478767,1.6840177150443196,20925.990005493164,0.0,32.0,0.0,0.0,0.5657142857142857,0.9174677580595016,0.9102401621639729,0.024091967847198248
immediate_advantage_dqn,814,96,102.18188212215901,111.08301700984862,35.678995333611965,66.50288625955582,1.6655230736359954,20726.038242340088,0.0,29.0,0.0,1.0,0.5611904761904762,0.814200577326119,0.8082527779042721,0.01982597738970071
immediate_advantage_dqn,814,97,96.50160487890244,110.46610744894429,30.31873309612274,66.18287094831467,1.616020048968494,17829.2013130188,0.0,28.0,0.0,2.0,0.5566666666666666,1.0089836306869984,1.0024500451982021,0.021778620954137295
immediate_advantage_dqn,814,98,88.83964663743973,109.26523669094725,32.21614870429039,56.62349842488766,1.559959358535707,18626.26717376709,0.0,26.0,0.0,0.0,0.5521428571428572,1.0164763303473592,1.0106136882677674,0.01954216044396162
immediate_advantage_dqn,814,99,104.00930572450162,109.32806131393595,37.24922116100788,66.76008441448212,1.7440819256007671,21706.556148529053,0.0,28.0,0.0,2.0,0.5476190476190477,0.8604685962200165,0.8540026675909758,0.021553084021434188
immediate_advantage_dqn,814,100,109.23688800036908,109.19630779893085,34.14767360687256,75.08921375274659,1.6604395899921656,19477.03429031372,0.0,34.0,0.0,1.0,0.5430952380952381,0.6520777083933353,0.6471484443172812,0.016430858697276562
immediate_advantage_dqn,814,101,99.78360165655613,108.52522038713975,35.471485897898674,64.31211560964584,1.6244052993133664,20164.284698486328,0.0,29.0,0.0,0.0,0.5385714285714286,1.049880126491189,1.0426817489787936,0.023994599818252027
immediate_advantage_dqn,814,102,82.66714058071375,106.53943933142406,29.346224136650562,53.32091657817364,1.4760284395888448,16610.229133605957,0.0,24.0,0.0,0.0,0.5340476190476191,1.0394584834575653,1.0335956625640392,0.01954274217132479
immediate_advantage_dqn,814,103,99.53623552024365,106.03704016020579,36.19460891187191,63.34162680208683,1.671954607591033,20614.51106262207,0.0,29.0,0.0,1.0,0.5295238095238095,0.8782160878181458,0.8714076038450003,0.02269494894426316
immediate_advantage_dqn,814,104,108.7041020333767,106.04945721222632,35.33819258213043,73.36590876579285,1.7180972369387746,20861.13698196411,0.0,32.0,0.0,2.0,0.525,0.8350596763193607,0.8285638280212879,0.021652853582054377
immediate_advantage_dqn,814,105,109.8776529007856,105.95931244845715,38.197127401828766,71.68052472409646,1.7487257635220885,22139.366859436035,0.0,32.0,2.0,1.0,0.5204761904761905,1.0078320484608412,1.0011341664940119,0.02232632163213566
immediate_advantage_dqn,814,106,111.79516781270505,105.80756974418685,39.30193755030632,72.4932302325964,1.723705768585205,22162.35315322876,0.0,31.0,0.0,2.0,0.5159523809523809,1.1647761166095734,1.1578981969505548,0.02292643440887332
immediate_advantage_dqn,814,107,121.13293531537056,106.37707588826342,38.91620486974716,82.21673026680946,1.75458147469908,21727.417274475098,0.0,34.0,0.0,0.0,0.5114285714285716,0.8787607196718454,0.8711239285767078,0.025455990456975996
immediate_advantage_dqn,814,108,85.75021976381541,104.66275185626598,32.46541939675808,53.284800106287,1.5279917195439339,18919.78302383423,0.0,26.0,0.0,1.0,0.506904761904762,0.8186687976121902,0.8133609220385551,0.017692926223389804
immediate_advantage_dqn,814,109,113.59066198766232,104.13374047171924,37.53955941647291,76.05110232532024,1.7414105953648686,21802.174545288086,0.0,32.0,0.0,0.0,0.5023809523809524,1.3819636441767216,1.375265721231699,0.022326424019411206
immediate_advantage_dqn,814,110,113.90214739739895,104.10229394283745,36.287504971027374,77.61464120447636,1.7270985208451748,21536.34967803955,0.0,33.0,0.0,0.0,0.4978571428571429,0.8976956363767385,0.8914070259779692,0.020962060778401792
immediate_advantage_dqn,814,111,99.54441840946674,103.5888998768911,34.69817607849836,64.84624299407005,1.6273910664021969,19956.41362762451,0.0,29.0,0.0,1.0,0.4933333333333334,0.989297429099679,0.9832781031727791,0.02006439841352403
immediate_advantage_dqn,814,112,109.92413574457169,104.06628257331106,37.02702125906944,72.89711485803127,1.7376430230215192,21553.06697845459,0.0,32.0,0.0,0.0,0.4888095238095238,0.9286054894328117,0.9206350352615118,0.026568207540549338
immediate_advantage_dqn,814,113,113.34270126521588,104.64963401076052,36.38246815651655,76.96023320555688,1.7077177241444588,20794.57836151123,0.0,33.0,0.0,1.0,0.4842857142857143,1.007522739470005,1.0001346543431282,0.024626950500532985
immediate_advantage_dqn,814,114,107.9361131042242,104.41947822835895,36.145260974764824,71.7908520847559,1.6459513818845153,20197.193153381348,0.0,32.0,0.0,0.0,0.4797619047619047,1.181344524025917,1.1722350288182497,0.030364997568540275
immediate_advantage_dqn,814,115,108.51631787419319,104.33864393648359,37.04293805360794,71.47337965667248,1.6471889279782772,21018.98189163208,0.0,31.0,0.0,0.0,0.47523809523809524,0.8080553263425827,0.7994820382446051,0.02857760328333825
immediate_advantage_dqn,814,116,101.53846848905087,104.30647325482819,35.28192871809006,66.25653996467591,1.6511963866651058,20348.818954467773,0.0,29.0,0.0,1.0,0.47071428571428575,1.240664504468441,1.2328663505613804,0.025993838091380894
immediate_advantage_dqn,814,117,120.49032816290855,105.50590941902848,41.03820611536503,79.45212186872959,1.7891297107562423,23243.958435058594,0.0,35.0,0.0,0.0,0.46619047619047627,1.2348748464137316,1.2270590923726559,0.026052507339045405
immediate_advantage_dqn,814,118,108.4447589918971,106.48616503675137,38.728372022509575,69.71638708859682,1.6850410168990493,21498.25005722046,0.0,30.0,0.0,2.0,0.46166666666666667,0.9900036435574293,0.9838807564228773,0.020409633638337255
immediate_advantage_dqn,814,119,79.35015086233616,105.25320729364307,27.63398139178753,51.71616878509521,1.4986435314640403,15841.689910888672,0.0,25.0,0.0,1.0,0.4571428571428572,1.0642854068428278,1.057428278028965,0.022857086441945285
immediate_advantage_dqn,814,120,110.82215078473091,105.33247043286117,38.502725020051,72.31942564547062,1.7097632866352797,22038.944187164307,0.0,31.0,0.0,2.0,0.4526190476190477,0.8606168888509274,0.8528443090617657,0.025908578711096197
immediate_advantage_dqn,814,121,113.73013384640217,106.02979704235347,38.84675920009613,74.8833745867014,1.7695690980181098,22251.157333374023,0.0,32.0,0.0,1.0,0.4480952380952381,0.9810107089579105,0.9722689986228943,0.02913899882696569
immediate_advantage_dqn,814,122,99.81800831258298,106.88734042894694,33.69681999087334,66.121188262105,1.5918451342731714,19096.238384246826,0.0,31.0,0.0,1.0,0.4435714285714286,1.100389026105404,1.093534268438816,0.022849174914881587
immediate_advantage_dqn,814,123,101.70798207819462,106.99592775684448,36.474943682551384,65.2330384850502,1.656904756091535,20811.644020080566,0.0,29.0,0.0,0.0,0.439047619047619,0.9523366838693619,0.9448384996503592,0.02499396074563265
immediate_advantage_dqn,814,124,103.13080474734306,106.71726289254279,33.67930980026722,69.45149432122707,1.6077979737892747,19230.971298217773,0.0,30.0,0.0,1.0,0.43452380952380953,0.9098243303596973,0.9029424972832203,0.022939458023756742
immediate_advantage_dqn,814,125,108.78693920373917,106.66272720769048,33.88438472151756,74.90255483984947,1.7047490095719695,20121.016330718994,0.0,31.0,0.0,0.0,0.43000000000000005,1.4060763139277697,1.4016639851033688,0.014707733178511262
immediate_advantage_dqn,814,126,106.2827258259058,106.38710510835051,38.883588686585426,67.39913710951805,1.73811493255198,22280.661502838135,0.0,29.0,0.0,0.0,0.42547619047619056,1.1110479962080717,1.1032478287816048,0.026000546873547137
immediate_advantage_dqn,814,127,95.22816060483456,105.09186637282372,33.78271968662739,61.445440888404846,1.5947758965194225,19130.2204246521,0.0,27.0,0.0,1.0,0.42095238095238097,1.2832404971122742,1.276526317000389,0.02238057367503643
immediate_advantage_dqn,814,128,110.78549778461456,106.34363027386367,37.748052060604095,73.0374456346035,1.7007499523460865,21417.66530609131,0.0,31.0,0.0,1.0,0.41642857142857137,1.0115892514586449,1.0045626275241375,0.023422069963999093
immediate_advantage_dqn,814,129,120.41195014417171,106.68469468168914,41.96653327345848,78.44541731774807,1.789899186231196,23658.58417892456,0.0,34.0,0.0,3.0,0.4119047619047619,1.0312483720481396,1.0221243873238564,0.030413315631449223
immediate_advantage_dqn,814,130,105.96725104898215,106.28794986426831,36.409349128603935,69.5579017341137,1.6743322350084782,20618.693058013916,0.0,31.0,0.0,2.0,0.4073809523809524,0.9049860034137964,0.8975676335394382,0.024727867799811065
immediate_advantage_dqn,814,131,99.48172244429588,106.28481506600977,37.1015332788229,62.38018889725208,1.5971645535901189,20842.890533447266,0.0,27.0,0.0,0.0,0.4028571428571429,1.0707974284887314,1.0623123049736023,0.028283745632506907
immediate_advantage_dqn,814,132,80.89641880393029,104.8334292189777,30.737319596111774,50.159099319577216,1.4785644998773932,17197.59645843506,0.0,23.0,0.0,1.0,0.39833333333333343,1.2773690596222878,1.2681233808398247,0.030818974133580923
immediate_advantage_dqn,814,133,96.18043768703937,103.97531604006888,35.86959819495678,60.31083923876285,1.658598616719246,20594.269733428955,0.0,25.0,0.0,2.0,0.39380952380952383,1.277008555829525,1.2688984330743551,0.02703378372825682
immediate_advantage_dqn,814,134,103.11097753793001,103.73405926175414,33.834817968308926,69.27615961432457,1.6183220678940415,19445.91011428833,0.0,29.0,0.0,0.0,0.38928571428571423,1.110832242295146,1.1020525991916656,0.02926547615788877
immediate_advantage_dqn,814,135,94.49337060749531,103.03291189841926,31.9924955368042,62.50087487697601,1.6033735126256943,18130.647716522217,0.0,28.0,0.0,0.0,0.38476190476190475,0.9438828732818365,0.9345081988722086,0.031248938175849617
immediate_advantage_dqn,814,136,92.64806792289019,102.58839187011122,31.74176862090826,60.906298571825026,1.5530066536739469,17951.41172027588,0.0,26.0,0.0,1.0,0.38023809523809526,1.0503034498542547,1.040156066417694,0.033824605867266655
immediate_advantage_dqn,814,137,116.48758835792542,102.38825487986209,40.509036272764206,75.97855215966702,1.7747379895299673,23240.91519165039,0.0,33.0,0.0,3.0,0.3757142857142858,1.1684833839535713,1.1602918729186058,0.02730505191721022
immediate_advantage_dqn,814,138,90.37961547076702,101.48499770380558,29.65331495553255,60.72630047798157,1.516525068320334,16725.910301208496,0.0,29.0,0.0,0.0,0.3711904761904763,1.0508430544286966,1.0419782903045416,0.02954921219497919
immediate_advantage_dqn,814,139,86.4058401286602,101.83778216712179,32.866008535027504,53.53983199596405,1.508767357096076,18052.32578277588,0.0,24.0,0.0,0.0,0.3666666666666667,0.9856979195028543,0.9776042755693197,0.026978774112649262
immediate_advantage_dqn,814,140,76.02584572434425,100.09796691410244,28.610946878790855,47.41489880084991,1.5088717145845294,16665.176956176758,0.0,22.0,0.0,2.0,0.3621428571428572,0.9969253074377775,0.9889191202819347,0.026687229983508587
immediate_advantage_dqn,814,141,92.47424629330635,99.03517253644765,31.575873270630836,60.89837281405926,1.5561538813635707,17908.210430145264,0.0,28.0,0.0,0.0,0.3576190476190476,1.1589263956993818,1.1511671282351017,0.02586417575366795
immediate_advantage_dqn,814,142,79.07537332177162,97.99804078690707,28.707356676459312,50.36801698803902,1.5071796057745814,16547.0743560791,0.0,24.0,0.0,0.0,0.35309523809523813,1.0899840351194143,1.0817025378346443,0.02760499296709895
immediate_advantage_dqn,814,143,91.23709917217494,97.4744966416061,32.55537557601929,58.681723648309706,1.5788904959335923,18398.158111572266,0.0,26.0,0.0,1.0,0.34857142857142864,0.9577050488442183,0.9452459216117859,0.04153043474070728
immediate_advantage_dqn,814,144,126.97138929367065,98.66652586892248,42.81090900301933,84.16048063337803,1.8522948836907744,24235.839473724365,0.0,35.0,0.0,0.0,0.34404761904761905,0.9270741380751133,0.9204988051205873,0.021917794598266482
immediate_advantage_dqn,814,145,113.00581747293472,98.87746978238225,38.37094846367836,74.63486969470978,1.8081060582771897,22673.37070465088,0.0,32.0,0.0,0.0,0.33952380952380956,1.0254116468131542,1.0176387522369623,0.025909621850587428
immediate_advantage_dqn,814,146,93.9405473396182,98.26036085806787,32.936947986483574,61.00359910726547,1.5942632863298059,18573.242084503174,0.0,27.0,0.0,0.0,0.3350000000000001,1.2103853188455105,1.1993034146726131,0.036939662881195545
immediate_advantage_dqn,814,147,91.05426126718521,98.0516658911854,34.03224306553602,57.022018641233444,1.5727663384750485,18678.459671020508,0.0,25.0,0.0,1.0,0.3304761904761905,1.0541906729340553,1.0463760066777468,0.026048891711980104
immediate_advantage_dqn,814,148,93.01849975585938,97.16331598974764,31.808380775153637,61.21011885404587,1.5903870118781924,18270.771350860596,0.0,27.0,0.0,3.0,0.325952380952381,1.341948164626956,1.3355295471847057,0.02139538514893502
immediate_advantage_dqn,814,149,93.93494110703469,95.8394655378908,35.569439336657524,58.36550117433071,1.6429813178256154,20082.734287261963,0.0,27.0,0.0,1.0,0.3214285714285714,1.212187696248293,1.2035710364580154,0.028722209623083472
immediate_advantage_dqn,814,150,103.65302806347609,95.7237543886155,35.72434280067682,67.92868493497372,1.6726771723479033,20223.80756378174,0.0,30.0,0.0,0.0,0.3169047619047619,0.96362722851336,0.9553256276994944,0.027671991963870823
immediate_advantage_dqn,814,151,97.55945082008839,95.62764080740513,35.13628688454628,62.423164039850235,1.6510070720687509,20305.282474517822,0.0,27.0,0.0,0.0,0.3123809523809524,0.916261712089181,0.9070664960891008,0.03065072768367827
immediate_advantage_dqn,814,152,94.09078692048789,96.287359213233,29.146316409111023,64.94447068274022,1.5418705148622394,16791.751316070557,0.0,30.0,0.0,3.0,0.30785714285714294,0.9880672600120306,0.9784197863191366,0.0321582374162972
immediate_advantage_dqn,814,153,94.64280410408973,96.21047753408551,33.21405000984669,61.42875398993492,1.6580157643184066,19464.94354248047,0.0,28.0,0.0,4.0,0.30333333333333345,1.0930686220526695,1.084673523902893,0.027983656735159457
immediate_advantage_dqn,814,154,104.01377782523632,96.25561754845083,33.529044434428215,70.48473315238952,1.6134390523657203,18635.054943084717,0.0,31.0,0.0,2.0,0.29880952380952375,1.3703796602785587,1.3636148050427437,0.022549472516402602
immediate_advantage_dqn,814,155,101.84698909819126,96.62329847298562,33.71806060522795,68.12892817258835,1.6341034090146422,18985.247074127197,0.0,31.0,0.0,2.0,0.29428571428571426,1.1309469994157553,1.1211163476109505,0.03276884602382779
immediate_advantage_dqn,814,156,105.85458326339722,97.28362424001097,36.89958202838898,68.95500114560127,1.6617406019940972,20528.44683074951,0.0,30.0,0.0,1.0,0.2897619047619048,1.5539538338780403,1.5442264713346958,0.032424561330117285
immediate_advantage_dqn,814,157,97.72193639129401,96.34534164167941,30.736594207584858,66.98534237742425,1.5893608443439007,18277.60842514038,0.0,28.0,0.0,2.0,0.2852380952380953,1.2764332368969917,1.2691857032477856,0.024158448330126703
immediate_advantage_dqn,814,158,100.75481011271476,96.86410137377679,33.24197591841221,67.51283450722694,1.6543136090040207,19133.175762176514,0.0,29.0,0.0,3.0,0.2807142857142858,1.0470398291945457,1.037354314699769,0.03228505759034306
immediate_advantage_dqn,814,159,93.45842748880386,97.21673074178399,33.91843585669994,59.53999117016792,1.5524410735815763,18980.8186378479,0.0,26.0,0.0,1.0,0.2761904761904763,1.284821329638362,1.2747182957828045,0.03367680578958243
immediate_advantage_dqn,814,160,89.37672173380852,97.8842745422572,31.835343055427074,57.54137890934944,1.5295535875484347,18200.23652267456,0.0,25.0,0.0,1.0,0.2716666666666666,1.1007488369941711,1.0919977352023125,0.029170342138968408
immediate_advantage_dqn,814,161,103.22497823387384,98.42181113928557,36.509860284626484,66.71511814296245,1.66327281948179,20355.515842437744,0.0,29.0,0.0,3.0,0.2671428571428571,1.0502994116395712,1.0394989121705294,0.036001669242978096
immediate_advantage_dqn,814,162,102.56327224671841,99.59620608553293,35.835565857589245,66.72770621776581,1.6691563911736012,20357.426113128662,0.0,29.0,0.0,1.0,0.26261904761904764,0.8808590415865183,0.8733563795685768,0.025008831056766212
immediate_advantage_dqn,814,163,92.82710743695498,99.67570649877192,31.524782769382,61.302324652671814,1.5381915634498,17971.382331848145,0.0,26.0,0.0,1.0,0.25809523809523816,1.0449012033641338,1.036045677959919,0.02951838623266667
immediate_advantage_dqn,814,164,105.43026623129845,98.59865034565331,33.812974989414215,71.61729109287262,1.7309857597574592,20144.41513824463,0.0,29.0,0.0,2.0,0.25357142857142867,1.1209266558289528,1.112195996567607,0.02910219586919993
immediate_advantage_dqn,814,165,83.28698279112578,97.11270861156285,32.14839909225702,51.13858307301998,1.5331654474139214,18112.372646331787,0.0,24.0,0.0,1.0,0.24904761904761907,1.0639539435505867,1.0550022572278976,0.029838960617780685
immediate_advantage_dqn,814,166,69.2867463991046,95.88001856453718,26.364010393619537,42.92273592352867,1.4343459960073233,14983.84363937378,0.0,21.0,0.0,1.0,0.2445238095238096,1.1041660513728857,1.095269337296486,0.02965570893138647
immediate_advantage_dqn,814,167,105.96902511417866,96.62575675688686,33.88824911415577,72.08077585101128,1.645660500973463,19509.921112060547,0.0,29.0,0.0,3.0,0.24,1.2816467117518187,1.2748356647789478,0.02270347881130874
immediate_advantage_dqn,814,168,82.689471372962,96.10930533774199,29.42741610109806,53.262056270241736,1.5059586139395833,16628.04452896118,0.0,25.0,0.0,3.0,0.2354761904761905,1.449175138026476,1.4403362553566694,0.029463007813319564
immediate_advantage_dqn,814,169,94.54441945254803,96.13977925501766,32.08828431367874,62.456135511398315,1.6080676624551415,18297.76625061035,0.0,28.0,0.0,0.0,0.23095238095238102,1.486588766798377,1.4774666503071785,0.03040708741173148
immediate_advantage_dqn,814,170,96.03571668565273,95.75891368612648,34.74738967418671,61.28832674324512,1.614970170892775,19726.74806213379,0.0,25.0,0.0,3.0,0.22642857142857142,1.0214971285313368,1.0135242268443108,0.026576332049444318
immediate_advantage_dqn,814,171,111.70515529215336,96.46619890972974,37.49911431223154,74.2060414493084,1.6648998465389013,21018.282012939453,0.0,32.0,0.0,2.0,0.22190476190476194,1.351909788325429,1.3443605620414019,0.025164117221720517
immediate_advantage_dqn,814,172,72.39841509759427,95.38158031858504,27.29458785802126,45.103826904296874,1.468597718514502,15783.442478179932,0.0,22.0,0.0,1.0,0.21738095238095245,1.2999852299690247,1.2924214079976082,0.02521271037403494
immediate_advantage_dqn,814,173,94.5613401323557,95.37750711999834,33.32888698577881,61.232453593611716,1.5891588674858212,18592.917709350586,0.0,27.0,0.0,1.0,0.21285714285714286,1.436121977865696,1.428213033825159,0.0263631462585181
immediate_advantage_dqn,814,174,86.41377250254155,94.49750685386361,29.26640547811985,57.14736753106117,1.5110346395522356,16629.111450195312,0.0,26.0,0.0,1.0,0.20833333333333337,1.2464455273002386,1.2359729781746864,0.03490847861394286
immediate_advantage_dqn,814,175,73.80280101299286,93.09529744960369,27.24817955493927,46.55462101101875,1.4483471382409334,15504.686050415039,0.0,23.0,0.0,0.0,0.20380952380952377,1.574112944304943,1.5651868283748627,0.029753678594715893
immediate_advantage_dqn,814,176,103.66546941101551,92.9858417569846,34.37697187811136,69.28849782347679,1.6505727991461754,19615.170986175537,0.0,30.0,0.0,2.0,0.1992857142857143,1.1922756489366293,1.1829404663294554,0.031117233796976507
immediate_advantage_dqn,814,177,93.39259731769562,92.76937480330467,31.146657563745975,62.24593949317932,1.5789986858144403,17868.31212234497,0.0,27.0,0.0,0.0,0.1947619047619048,1.423186507076025,1.4141638278961182,0.030075555434450507
immediate_advantage_dqn,814,178,98.4357568666339,92.65342214100063,33.61787302047014,64.81788374185562,1.5971131334081292,18694.98487472534,0.0,28.0,0.0,5.0,0.19023809523809532,1.2001512311398983,1.1902654487639666,0.0329525904962793
immediate_advantage_dqn,814,179,93.08983788192272,92.63499266065658,31.163411915302277,61.92642554938793,1.5637724353000522,17719.33296775818,0.0,27.0,0.0,2.0,0.18571428571428583,1.3589791990816593,1.3506778366863728,0.027671192190609872
immediate_advantage_dqn,814,180,92.67811254560948,92.80006220124662,31.788628824055195,60.88948390781879,1.5458272127434611,17744.47081565857,0.0,28.0,0.0,1.0,0.18119047619047624,1.3121158741414547,1.3028901182115078,0.030752542079426348
immediate_advantage_dqn,814,181,88.39942556321621,92.05878456771376,29.57750678062439,58.821918946504596,1.5373056838288903,17051.079723358154,0.0,27.0,0.0,3.0,0.17666666666666664,1.0741879865527153,1.0650347899645567,0.030510647338815033
immediate_advantage_dqn,814,182,79.02220841497183,90.88173137612641,28.826721109449863,50.19548773765564,1.4877693252637982,16423.76003074646,0.0,23.0,0.0,0.0,0.17214285714285715,1.1266064643859863,1.1161086652427912,0.034992666565813124
immediate_advantage_dqn,814,183,106.93743018209935,91.58724751338364,36.49240516126156,70.44502551257611,1.6644031181931496,20130.19536972046,0.0,32.0,0.0,2.0,0.16761904761904767,1.2911622822284698,1.282538864761591,0.028744696523062885
immediate_advantage_dqn,814,184,94.76789248883725,91.05412882626058,32.31524728983641,62.45264513194561,1.6182776428759098,18548.907508850098,0.0,27.0,0.0,1.0,0.16309523809523818,1.251611191779375,1.2421509232372046,0.03153421694878489
immediate_advantage_dqn,814,185,63.901122990250585,90.08483583621681,24.15865085273981,39.74247196614742,1.35944764316082,13625.770908355713,0.0,21.0,0.0,2.0,0.1585714285714287,1.1764250174164772,1.1626397371292114,0.045950929867103696
immediate_advantage_dqn,814,186,70.7894098341465,90.1599690079689,29.59039132297039,41.19901846647262,1.4699320076033473,16550.216732025146,0.0,21.0,0.0,2.0,0.1540476190476191,1.1774956602603197,1.16757951118052,0.033053879626095295
immediate_advantage_dqn,814,187,103.25454344153404,90.02424492433667,34.60755184292793,68.64699119627475,1.6410776106640697,19844.832233428955,0.0,30.0,0.0,3.0,0.1495238095238095,1.479514118283987,1.4722710102796555,0.024143715272657573
immediate_advantage_dqn,814,188,105.36723306179047,91.1581330087781,35.75059358775616,69.6166393250227,1.6624917890876532,20096.060096740723,0.0,30.0,0.0,2.0,0.14500000000000002,1.297251246869564,1.285539660602808,0.0390385978971608
immediate_advantage_dqn,814,189,79.21612458825112,90.39171826556326,27.55554637312889,51.66057781279087,1.4606979535892606,15483.342226028442,0.0,24.0,0.0,2.0,0.14047619047619053,1.3990308940410614,1.3898618128150702,0.030563628650270402
immediate_advantage_dqn,814,190,88.38441207557916,90.00915303505958,33.269257716834545,55.11515389680862,1.5831470116972923,18426.99326324463,0.0,24.0,0.0,4.0,0.13595238095238105,1.278108336031437,1.2682544365525246,0.03284630330745131
immediate_advantage_dqn,814,191,99.40824920237064,89.39430773057045,35.90845274925232,63.49979608058929,1.6852933559566736,20303.743270874023,0.0,28.0,0.0,3.0,0.13142857142857145,1.102942407131195,1.0928942747414112,0.033493740716949105
immediate_advantage_dqn,814,192,84.53304333984852,90.00103914268315,30.95787437260151,53.57516863942146,1.5740005057305098,17752.301963806152,0.0,24.0,0.0,0.0,0.12690476190476196,1.3646889813244343,1.3565724156796932,0.027055206708610058
immediate_advantage_dqn,814,193,85.4686871021986,89.54640649117529,30.47593568265438,54.992751240730286,1.5175403710454702,16989.323211669922,0.0,24.0,0.0,1.0,0.12238095238095237,1.1822072248905897,1.172832092270255,0.031250418978743255
immediate_advantage_dqn,814,194,95.69881197214127,90.01065846465528,32.17006076872349,63.528751188516615,1.5512578412890434,17964.95620727539,0.0,28.0,0.0,1.0,0.11785714285714288,1.1046182233840227,1.093092493712902,0.03841909649781883
immediate_advantage_dqn,814,195,67.0907332316041,89.67505507558585,26.83975062519312,40.25098275542259,1.4556493107229471,15378.400730133057,0.0,21.0,0.0,2.0,0.1133333333333334,1.550054669380188,1.5377320535480976,0.041075441520661116
immediate_advantage_dqn,814,196,98.44052916765213,89.41380806341769,34.73138026893139,63.709149435162544,1.6331516085192561,18977.1986618042,0.0,29.0,0.0,0.0,0.1088095238095238,1.2077273670583963,1.1955058220773935,0.040738501003943384
immediate_advantage_dqn,814,197,70.30518181622028,88.25943728834392,26.471020072698593,43.83416169881821,1.4333511590957642,14948.851114273071,0.0,22.0,0.0,1.0,0.10428571428571431,1.3401113636791706,1.3295897580683231,0.035071990452706814
immediate_advantage_dqn,814,198,80.34798064231873,87.35504847712816,30.970968022942543,49.37701232135296,1.5384290991351008,17348.738761901855,0.0,23.0,0.0,2.0,0.09976190476190483,1.087321575731039,1.0761447455734015,0.037256139097735286
immediate_advantage_dqn,814,199,90.26849761009217,87.21398146353663,31.246990598738194,59.02150730192661,1.575163546949625,18165.828008651733,0.0,28.0,0.0,2.0,0.09523809523809534,1.374774992465973,1.3648560382425785,0.03306315909139812
immediate_advantage_dqn,814,200,81.25048299878836,86.64259998619556,29.613364525139332,51.6371183693409,1.5170495547354221,16718.644065856934,0.0,24.0,0.0,0.0,0.09071428571428575,1.368387682363391,1.357444740831852,0.03647651383653283
immediate_advantage_dqn,814,201,87.09662631899118,86.57746002398433,29.65158250182867,57.44504427909851,1.5193087104707956,16681.582218170166,0.0,25.0,0.0,0.0,0.08619047619047626,1.0424331091344357,1.031024506315589,0.03802865801844746
immediate_advantage_dqn,814,202,78.66298359185457,86.55949878282846,27.906126119196415,50.756856861710546,1.5014237146824598,15986.90390586853,0.0,23.0,0.0,2.0,0.08166666666666667,1.7352281548082829,1.7264896892011166,0.029128271737135947
immediate_advantage_dqn,814,203,81.85194933712482,85.30522474057973,30.66421078145504,51.18773879408836,1.5285665495321155,17112.72011566162,0.0,23.0,0.0,2.0,0.07714285714285718,1.5569586977362633,1.5459508653730154,0.03669273597188294
immediate_advantage_dqn,814,204,80.43653428554535,84.58865683041513,29.38853019475937,51.04800410568714,1.4941974999383092,16262.343952178955,0.0,25.0,0.0,0.0,0.0726190476190477,1.2643029280006886,1.2550272103399038,0.030919125070795417
immediate_advantage_dqn,814,205,83.73164434134961,85.58018289797008,30.48337010294199,53.2482743948698,1.5297995088621974,17112.390502929688,0.0,26.0,0.0,2.0,0.06809523809523821,1.3220660481601954,1.3113733064383268,0.03564245474990457
immediate_advantage_dqn,814,206,77.52983070164919,85.9172039413452,29.04201480001211,48.48781567811966,1.5023663016036153,16425.649160385132,0.0,23.0,0.0,2.0,0.06357142857142861,1.3478250056505203,1.3325551971793175,0.05089939781464636
immediate_advantage_dqn,814,207,85.89885665774345,85.04941960215568,30.65209212899208,55.246764826774594,1.5620170012116432,17443.049770355225,0.0,25.0,0.0,2.0,0.059047619047619015,1.141043709591031,1.1319131087511778,0.030435357592068613
immediate_advantage_dqn,814,208,90.34688247740269,84.29840207293628,30.5892845839262,59.75759822130203,1.5736520383507013,17719.54647064209,0.0,27.0,0.0,0.0,0.05452380952380953,1.363932453095913,1.3523415978997946,0.038636214449070394
immediate_advantage_dqn,814,209,76.09046699106693,84.14211919307708,29.15767591446638,46.93279103934765,1.5072626434266567,16451.603218078613,0.0,23.0,0.0,0.0,0.050000000000000044,1.538070673123002,1.5275859478861094,0.034949124907143414
immediate_advantage_dqn,814,210,96.7731960952282,84.56155839405955,35.569705083966255,61.203491204977034,1.6488704616203904,19846.40867996216,0.0,29.0,0.0,2.0,0.050000000000000044,1.1834412440657616,1.1753274612128735,0.02704591554356739
immediate_advantage_dqn,814,211,85.92662228792906,83.88747704833747,30.921590067446232,55.005031728744505,1.5614701844751835,17628.91693496704,0.0,25.0,0.0,2.0,0.050000000000000044,1.339811135083437,1.3315147459506989,0.02765465504489839
immediate_advantage_dqn,814,212,77.24385683536529,83.52301772311331,27.537944860756397,49.70591219067573,1.4861435238271952,15622.311492919922,0.0,23.0,0.0,2.0,0.050000000000000044,1.244226362556219,1.2304096445441246,0.04605570645071566
immediate_advantage_dqn,814,213,68.37533697634936,82.66835021682085,26.491560570895672,41.883776077628134,1.4468195457011461,14815.633735656738,0.0,20.0,0.0,1.0,0.050000000000000044,1.1018056105822325,1.0915498491376638,0.03418585401959717
immediate_advantage_dqn,814,214,81.73425947129726,81.97012259177865,29.1796305924654,52.55462846159935,1.5000929748639464,16223.171630859375,0.0,25.0,0.0,1.0,0.050000000000000044,1.3311727046966553,1.320304224267602,0.03622823266778141
immediate_advantage_dqn,814,215,90.68049629330635,83.14961074486375,30.164115577936172,60.51638062596321,1.5515991505235434,17220.7689743042,0.0,28.0,0.0,2.0,0.050000000000000044,1.2906770519912243,1.2816479746252298,0.03009688202291727
immediate_advantage_dqn,814,216,81.04981980770826,82.28007527686655,28.284858100116253,52.76496231853962,1.4744570665061474,15971.757122039795,0.0,24.0,0.0,2.0,0.050000000000000044,1.146281585097313,1.1353826522827148,0.03632978303357959
immediate_advantage_dqn,814,217,58.760875798761845,81.70285997599362,25.68112077564001,33.0797553062439,1.4048008639365435,14059.705797195435,0.0,17.0,0.0,0.0,0.050000000000000044,1.2045711688697338,1.184779079630971,0.0659736730158329
immediate_advantage_dqn,814,218,63.77985255420208,80.8744535715878,24.234510838985443,39.54534129798412,1.368578347377479,13873.031494140625,0.0,21.0,0.0,1.0,0.050000000000000044,1.2538547348231077,1.2418691590428352,0.03995196218602359
immediate_advantage_dqn,814,219,83.35447573661804,80.52875247791408,29.17036524415016,54.18411028385162,1.5108202006667852,16601.84267425537,0.0,26.0,0.0,0.0,0.050000000000000044,1.3595410622656345,1.3475725799798965,0.03989492089021951
immediate_advantage_dqn,814,220,81.11287624686956,80.52187214031815,28.76286429911852,52.35001153051853,1.4743722658604383,16058.886861801147,0.0,25.0,0.0,3.0,0.050000000000000044,1.3782552983611822,1.366801891475916,0.03817809047177434
immediate_advantage_dqn,814,221,83.15353053212166,80.32471735097468,29.587473437190056,53.56605687141418,1.5308987339958549,16883.45421218872,0.0,24.0,0.0,3.0,0.050000000000000044,1.345089990645647,1.335881307721138,0.03069563372991979
immediate_advantage_dqn,814,222,78.17624059468508,80.30038020111621,26.448690474033356,51.72754988968372,1.4378647776320577,14864.100872039795,0.0,24.0,0.0,1.0,0.050000000000000044,1.2524053696542978,1.2414666805416346,0.03646232420578599
immediate_advantage_dqn,814,223,82.52300591021776,80.33393302977086,29.091558538377285,53.431447237730026,1.5312510943040252,16665.881755828857,0.0,26.0,0.0,2.0,0.050000000000000044,1.2133006677031517,1.201571486890316,0.03909730212762952
immediate_advantage_dqn,814,224,81.19658251106739,80.37193544104696,28.284214466810226,52.91236834228039,1.5023729987442493,16302.996187210083,0.0,24.0,0.0,1.0,0.050000000000000044,1.7779211197048426,1.7669268287718296,0.036647694767452776
immediate_advantage_dqn,814,225,86.8866590037942,80.5296861741692,31.30636252462864,55.58029656112194,1.5615074886009097,17601.35198020935,0.0,26.0,0.0,1.0,0.050000000000000044,1.4992975182831287,1.4867390915751457,0.04186142608523369
immediate_advantage_dqn,814,226,92.50975481569768,81.27868237987161,32.019343838095665,60.49041158854961,1.5967225264757872,18605.18976020813,0.0,28.0,0.0,1.0,0.050000000000000044,1.4784574918448925,1.4687779769301414,0.032264995970763266
immediate_advantage_dqn,814,227,66.58696125596762,80.31308760978283,26.89549645036459,39.69146508872509,1.430978523567319,15018.60746383667,0.0,20.0,0.0,1.0,0.050000000000000044,1.6729078069329262,1.664728170260787,0.027265487355180085
immediate_advantage_dqn,814,228,79.5899762749672,79.77524229966106,28.44742824137211,51.14254795908928,1.4701067302376032,16126.349670410156,0.0,24.0,0.0,1.0,0.050000000000000044,1.73543581366539,1.7205403111875057,0.049651682609692216
immediate_advantage_dqn,814,229,96.51221128553152,80.79632951438428,32.092385210096836,64.41982617974281,1.6152788130566478,18429.328727722168,0.0,30.0,0.0,2.0,0.050000000000000044,1.4589268062263727,1.4461591318249702,0.04255894967354834
immediate_advantage_dqn,814,230,75.84734504073859,79.7500369616598,28.244831569492817,47.60251332223415,1.458940403535962,15900.270603179932,0.0,23.0,0.0,1.0,0.050000000000000044,1.8011561203747988,1.7913324553519487,0.0327455485239625
immediate_advantage_dqn,814,231,94.12344761192799,80.15987822785975,31.58422052115202,62.53922653198242,1.5568433720618486,17840.11547088623,0.0,28.0,0.0,1.0,0.050000000000000044,1.5172258093953133,1.5029786974191666,0.047490346478298306
immediate_advantage_dqn,814,232,99.15990805923938,81.25568078905346,31.375084571540356,67.78482374846935,1.5538376877084374,17541.435661315918,0.0,31.0,0.0,2.0,0.050000000000000044,1.4902764111757278,1.4746902268379927,0.05195397278293967
immediate_advantage_dqn,814,233,86.52198290973902,82.16301308572294,31.162689588963985,55.359293484687804,1.5658466210588813,17782.421768188477,0.0,25.0,0.0,1.0,0.050000000000000044,1.4234302937984467,1.4135226681828499,0.033025460434146225
immediate_advantage_dqn,814,234,83.26895809471607,82.23974801689387,28.91692315042019,54.352034258842465,1.4891937235370278,16039.720035552979,0.0,26.0,0.0,2.0,0.050000000000000044,1.6231325659900904,1.6058348584920168,0.057659072685055435
immediate_advantage_dqn,814,235,92.69067480415106,82.3402569424361,29.29967874288559,63.39099580049515,1.5304140001535416,16711.17838859558,0.0,29.0,0.0,2.0,0.050000000000000044,1.4856316894292831,1.4733239077031612,0.041025828337296844
immediate_advantage_dqn,814,236,65.99592050909996,81.58756197750569,26.114128910005093,39.88179153203964,1.4033984635025263,14485.68272781372,0.0,21.0,0.0,1.0,0.050000000000000044,0.964796731248498,0.9537024814635515,0.036980779259465635
immediate_advantage_dqn,814,237,94.85486876964569,83.39226162604987,31.855011820793152,62.99985724687576,1.6031103255227208,18048.61660003662,0.0,28.0,0.0,0.0,0.050000000000000044,1.5395606458187103,1.5263829678297043,0.043925537378527224
immediate_advantage_dqn,814,238,79.26632964015008,84.1665854803473,28.21752779185772,51.04880163967609,1.5034332061186433,16343.713241577148,0.0,24.0,0.0,3.0,0.050000000000000044,1.3944762498140335,1.385474868118763,0.03000456525478512
immediate_advantage_dqn,814,239,88.59320779144764,84.42852208308878,30.057919673621655,58.5352878421545,1.5307681802660227,16642.497444152832,0.0,27.0,0.0,1.0,0.050000000000000044,1.5319425631314516,1.5165656786412,0.05125634022988379
immediate_advantage_dqn,814,240,98.82996585518121,85.31437656350434,32.12755896151066,66.70240702033043,1.588680213317275,18006.135543823242,0.0,30.0,0.0,5.0,0.050000000000000044,1.2184673808515072,1.2077444605529308,0.035743046435527503
immediate_advantage_dqn,814,241,74.88782951980829,84.90109151288867,28.475625567138195,46.41220401227474,1.4748894227668643,15924.003330230713,0.0,23.0,0.0,1.0,0.050000000000000044,1.3865619711577892,1.3774329982697964,0.030429935199208558
immediate_advantage_dqn,814,242,82.06503003239632,85.09553098477423,28.8658679574728,53.19916156828403,1.478195570409298,16331.136646270752,0.0,24.0,0.0,2.0,0.050000000000000044,1.5016681458801031,1.4908319562673569,0.03612062998581678
immediate_advantage_dqn,814,243,96.34883959591389,85.78682266905903,31.831240236759186,64.51759898662567,1.5986087881028652,18160.527709960938,0.0,28.0,0.0,1.0,0.050000000000000044,1.1735532246530056,1.160748215392232,0.04268330940976739
immediate_advantage_dqn,814,244,85.68325332552195,86.01115620978177,31.547173343598843,54.13608022034168,1.5607297578826547,17867.650356292725,0.0,26.0,0.0,2.0,0.050000000000000044,1.2087701335549355,1.1987383235245943,0.03343933972064406
immediate_advantage_dqn,814,245,80.47219305634499,85.6904329124093,28.68210344016552,51.790089243650435,1.4811142729595304,15792.188064575195,0.0,24.0,0.0,1.0,0.050000000000000044,1.7713443338871002,1.758631233125925,0.042377025820314884
immediate_advantage_dqn,814,246,79.90327426195145,85.06010888472201,29.989993542432785,49.9132802426815,1.5341722210869193,17171.892601013184,0.0,24.0,0.0,1.0,0.050000000000000044,1.2321239914745092,1.2198654655367136,0.04086173919495195
immediate_advantage_dqn,814,247,76.76029785275459,85.56877571456135,29.097718581557274,47.66257867515087,1.478267515078187,16226.796489715576,0.0,22.0,0.0,2.0,0.050000000000000044,1.407152323052287,1.3914973437786102,0.05218323552981019
immediate_advantage_dqn,814,248,71.30609845668077,85.15458182364702,26.671112842857838,44.63498555421829,1.4125400055199862,15072.357070922852,0.0,22.0,0.0,2.0,0.050000000000000044,1.3304302785545588,1.320271646603942,0.03386205865535885
immediate_advantage_dqn,814,249,77.99829330444337,84.22888592459262,27.52547102421522,50.47282294332981,1.448592291213572,15080.459159851074,0.0,24.0,0.0,1.0,0.050000000000000044,1.5352159179747105,1.5213012415915728,0.04638219391927123
immediate_advantage_dqn,814,250,67.75023138523102,83.82403024181724,28.44491109251976,39.30532045662403,1.4707978516817093,16074.451629638672,0.0,19.0,0.0,0.0,0.050000000000000044,1.4770664647221565,1.4658641386777163,0.03734110842924565
immediate_advantage_dqn,814,251,85.76066962033511,83.4058913422376,29.851946525275707,55.9087234377861,1.5177755504846573,16892.094665527344,0.0,25.0,0.0,1.0,0.050000000000000044,1.4664767608046532,1.4534376710653305,0.04346362128853798
immediate_advantage_dqn,814,252,77.75553078204393,82.33567247837783,28.294519402086735,49.461011067032814,1.4787112958729267,15770.336200714111,0.0,24.0,0.0,1.0,0.050000000000000044,1.3773247469216585,1.363534115254879,0.045968752121552825
immediate_advantage_dqn,814,253,94.70167791843414,82.74465722881257,32.23996537923813,62.46171262860298,1.5873835748061538,18312.47301864624,0.0,26.0,0.0,0.0,0.050000000000000044,1.5184657610952854,1.509724497795105,0.029137569828890264
immediate_advantage_dqn,814,254,88.02322736382484,82.98237069226802,32.33672150969505,55.68650579452515,1.5435726270079613,17591.489082336426,0.0,26.0,0.0,2.0,0.050000000000000044,1.2903162576258183,1.2779450304806232,0.04123742855153978
immediate_advantage_dqn,814,255,91.47435894608498,82.92155489936471,30.11175435781479,61.36260509490967,1.5504087256267667,17053.830795288086,0.0,27.0,0.0,1.0,0.050000000000000044,1.4628629609942436,1.4482365380972624,0.04875469743274152
immediate_advantage_dqn,814,256,77.83414779007435,83.51346626341345,28.3044950440526,49.529652470350264,1.4517307756468654,15834.183734893799,0.0,23.0,0.0,2.0,0.050000000000000044,1.450521420687437,1.4382565952837467,0.040882737608626485
immediate_advantage_dqn,814,257,80.81394972652197,82.81142031125725,28.5692835226655,52.244666025042534,1.4652978060767055,15862.3317527771,0.0,24.0,0.0,1.0,0.050000000000000044,1.5540829729288816,1.5423477366566658,0.0391174154356122
immediate_advantage_dqn,814,258,90.85415100455285,83.3908113794774,31.16868256032467,59.68546857833862,1.5505200186744332,17741.624881744385,0.0,27.0,0.0,2.0,0.050000000000000044,1.2154318280518055,1.2050246223807335,0.034690746921114624
immediate_advantage_dqn,814,259,82.70969971418381,83.0966359756142,31.990000069141388,50.719699972867964,1.5568138789385557,18281.007217407227,0.0,22.0,0.0,1.0,0.050000000000000044,1.49267309717834,1.4822316635400057,0.03480476327240467
immediate_advantage_dqn,814,260,88.33187291324138,82.5717313285172,31.199619077146053,57.13225393295288,1.5382428774610162,17506.85906982422,0.0,26.0,0.0,2.0,0.050000000000000044,1.5399258118122816,1.527617882937193,0.04102640354540199
immediate_advantage_dqn,814,261,86.48053352534771,83.15136652879417,30.58665292710066,55.89388032257557,1.5260929288342595,17320.935668945312,0.0,24.0,0.0,2.0,0.050000000000000044,1.3109507337212563,1.300612773746252,0.0344598792726174
immediate_advantage_dqn,814,262,92.57475860714912,83.6768529575318,29.704496525228024,62.87026246190071,1.506310480646789,16608.564094543457,0.0,28.0,0.0,2.0,0.050000000000000044,1.3802255503833294,1.3681768272072077,0.040162464836612344
immediate_advantage_dqn,814,263,72.75405834168195,82.49711389482022,29.134023554623127,43.62003480195999,1.4936964847147465,16406.003562927246,0.0,21.0,0.0,3.0,0.050000000000000044,1.268247116357088,1.2555300127714872,0.04239032603800297
immediate_advantage_dqn,814,264,79.5637043952942,82.19113644830882,29.024458646774292,50.539246225357054,1.4906442891806364,16207.222339630127,0.0,24.0,0.0,2.0,0.050000000000000044,1.7378647290170193,1.7278800681233406,0.03328217600937933
immediate_advantage_dqn,814,265,90.93186989426613,82.71412029020489,31.514674812555313,59.417194813489914,1.5756482286378741,18112.26047515869,0.0,28.0,0.0,0.0,0.050000000000000044,1.42854711599648,1.4166568890213966,0.03963409923017025
immediate_advantage_dqn,814,266,85.35816983878613,82.98686506904662,31.040525898337364,54.317643851041794,1.550868010148406,17986.052837371826,0.0,25.0,0.0,0.0,0.050000000000000044,1.1962909046560526,1.183845354244113,0.04148515732958913
immediate_advantage_dqn,814,267,76.01877314150333,82.94978883348406,29.54853715747595,46.470236244797704,1.4866504101082683,16377.62138557434,0.0,23.0,0.0,2.0,0.050000000000000044,2.097047286108136,2.0841343831270933,0.04304292344022542
immediate_advantage_dqn,814,268,74.04478568136692,83.08672319471836,27.8994008153677,46.14538489580154,1.4565641721710563,15481.042114257812,0.0,22.0,0.0,2.0,0.050000000000000044,1.2590880692005157,1.2493976689875126,0.032301357481628656
immediate_advantage_dqn,814,269,103.66286594569684,84.36995182678103,34.2022774964571,69.46058831512929,1.6550052119418979,19599.12425994873,0.0,30.0,0.0,1.0,0.050000000000000044,1.5953347999602556,1.5825739093124866,0.042536246473900974
immediate_advantage_dqn,814,270,88.42959044277669,85.40391977965832,30.529407262802124,57.90018233060837,1.5506314700469375,17456.633346557617,0.0,27.0,0.0,2.0,0.050000000000000044,1.4904317948967218,1.4771991167217493,0.04410893947351724
immediate_advantage_dqn,814,271,87.76206383854151,85.50398949056866,31.927743427455425,55.83432027697563,1.543274737894535,18114.957752227783,0.0,24.0,0.0,0.0,0.050000000000000044,1.6235132068395615,1.6120440177619457,0.03823059797286987
immediate_advantage_dqn,814,272,86.57688283324242,85.94505709312857,28.609078139066696,57.967804515361784,1.4855920737609267,15915.519691467285,0.0,28.0,0.0,1.0,0.050000000000000044,1.8857405092567205,1.8749186247587204,0.036072936840355396
immediate_advantage_dqn,814,273,99.31453239321709,86.17569981686772,31.73939397186041,67.57513820528985,1.5880606705322862,17907.524940490723,0.0,29.0,0.0,1.0,0.050000000000000044,1.6026814803481102,1.590564787387848,0.04038896644487977
immediate_advantage_dqn,814,274,100.09609633684158,86.77934326551856,34.736916325986385,65.35917940735817,1.6392619963735342,19908.592624664307,0.0,29.0,0.0,0.0,0.050000000000000044,1.354038693010807,1.3433275781571865,0.03570371784735471
immediate_advantage_dqn,814,275,77.08108380138874,86.05967950828375,28.341253340244293,48.73983061015606,1.475012700073421,16135.696823120117,0.0,22.0,0.0,3.0,0.050000000000000044,1.8475657496601343,1.8361761327832937,0.03796533029526472
immediate_advantage_dqn,814,276,87.90268423557282,86.56310633055867,32.33925560116768,55.56342841088772,1.5730498880147934,18404.22148513794,0.0,24.0,0.0,2.0,0.050000000000000044,1.141666205599904,1.1289141811430454,0.042506776517257094
immediate_advantage_dqn,814,277,103.48232276141644,87.6965249823034,36.35726015269756,67.12506220638753,1.6761923171579838,20614.260871887207,0.0,29.0,0.0,1.0,0.050000000000000044,1.4785478562116623,1.4641145896166563,0.04811084782704711
immediate_advantage_dqn,814,278,89.28701486587525,87.61816817536952,32.21276469528675,57.074250081181525,1.61968591529876,18349.770217895508,0.0,26.0,0.0,1.0,0.050000000000000044,2.0734401382505894,2.0618161149322987,0.03874668141361326
immediate_advantage_dqn,814,279,63.9616203173995,86.68076420553031,24.852268643677235,39.10935223996639,1.3680503442883492,13794.314661026001,0.0,19.0,0.0,2.0,0.050000000000000044,1.3446687329560518,1.332130789756775,0.041793112992309034
immediate_advantage_dqn,814,280,88.59827832579613,86.69408447615804,30.803476452827454,57.794801604747775,1.5462863808497787,17211.43643951416,0.0,26.0,0.0,3.0,0.050000000000000044,1.908877482637763,1.8955363165587187,0.044470578664913774
immediate_advantage_dqn,814,281,81.55630134791136,86.44787286728622,29.552909776568413,52.00339184701443,1.5156390070915222,16757.544204711914,0.0,26.0,0.0,0.0,0.050000000000000044,1.628984224051237,1.618666036054492,0.03439399600028992
immediate_advantage_dqn,814,282,98.42837439477444,86.74055365666747,31.471520721912384,66.95685338973999,1.5737451547756791,17680.19708251953,0.0,30.0,0.0,2.0,0.050000000000000044,1.397970274090767,1.3870515376329422,0.03639583557378501
immediate_advantage_dqn,814,283,59.1726851567626,86.0614849974215,24.746608920395374,34.426076266169545,1.3824138045310974,13659.059352874756,0.0,20.0,0.0,2.0,0.050000000000000044,1.3153308629989624,1.3028899654746056,0.041469662101008
immediate_advantage_dqn,814,284,98.55899807810783,87.01124968156218,31.53959196805954,67.01940667629242,1.6061831582337618,18395.289304733276,0.0,29.0,0.0,0.0,0.050000000000000044,1.3998210057616234,1.3892103414982557,0.03536889096722007
immediate_advantage_dqn,814,285,81.5128037109971,86.54029637239873,28.466381214559078,53.04642263054848,1.4658099683001637,15961.466144561768,0.0,24.0,0.0,1.0,0.050000000000000044,1.5524267926812172,1.536656616255641,0.05256728734821081
immediate_advantage_dqn,814,286,66.561477817595,85.60046177133917,27.110771395266056,39.45070607960224,1.4300392530858517,15000.380252838135,0.0,21.0,0.0,1.0,0.050000000000000044,1.8402014523744583,1.8267335835844278,0.04489285952877253
immediate_advantage_dqn,814,287,82.99157529473305,85.94910187900066,30.624383881688118,52.36719121932983,1.5377443693578243,17234.577388763428,0.0,24.0,0.0,2.0,0.050000000000000044,1.553644796833396,1.5414831265807152,0.040538895525969565
immediate_advantage_dqn,814,288,95.46735345572233,87.02023026771845,32.65671803802252,62.81063534319401,1.54356125369668,17911.98073196411,0.0,27.0,0.0,1.0,0.050000000000000044,2.018064845353365,2.0066501572728157,0.038048998452723026
immediate_advantage_dqn,814,289,69.55595491230488,85.31488471604885,25.249334760010242,44.306620159745215,1.4018530193716288,14113.355651855469,0.0,21.0,0.0,3.0,0.050000000000000044,1.7847936004400253,1.773380022495985,0.03804525057785213
immediate_advantage_dqn,814,290,82.77774671465158,85.03229252964259,29.479306772351265,53.29844018816948,1.5331007484346628,16760.58571624756,0.0,25.0,0.0,1.0,0.050000000000000044,1.7039704956114292,1.6918254122138023,0.040483705466613173
immediate_advantage_dqn,814,291,76.25707349181175,84.4570430123061,28.12324185669422,48.1338317245245,1.4884834429249167,16433.001844406128,0.0,23.0,0.0,0.0,0.050000000000000044,1.3992958888411522,1.3876264914870262,0.038897951832041144
immediate_advantage_dqn,814,292,80.21667462587357,84.13903260193766,27.620735570788383,52.595938593149185,1.461322265677154,15653.038055419922,0.0,24.0,0.0,1.0,0.050000000000000044,1.8855445366352797,1.8719026483595371,0.04547290212940425
immediate_advantage_dqn,814,293,56.31816269606352,81.98921411707997,24.16240956634283,32.15575342774391,1.3690315298736095,13290.667167663574,0.0,19.0,0.0,3.0,0.050000000000000044,1.4730185754597187,1.4611506834626198,0.03955963812768459
immediate_advantage_dqn,814,294,81.59383603930473,81.06410110220313,29.423837281763554,52.16999867558479,1.5124906841665506,16701.98633956909,0.0,26.0,0.0,0.0,0.050000000000000044,1.7659717500209808,1.7531496062874794,0.04274057364091277
immediate_advantage_dqn,814,295,89.58036116659642,81.68906497046353,31.595180436968803,57.98518059551716,1.5532601298764348,18010.269397735596,0.0,26.0,0.0,1.0,0.050000000000000044,1.7292854022234678,1.7199505437165499,0.031116119003854692
immediate_advantage_dqn,814,296,89.04887809604406,81.74637466348709,28.8860402405262,60.162837848067284,1.511013892479241,16612.246921539307,0.0,28.0,0.0,1.0,0.050000000000000044,1.5759106632322073,1.5622377712279558,0.045576305128633976
immediate_advantage_dqn,814,297,61.68729512542486,79.6566232816875,25.62018021196127,36.06711476445198,1.3955475250259042,14229.813510894775,0.0,17.0,0.0,1.0,0.050000000000000044,1.6402956694364548,1.6275378838181496,0.04252594988793135
immediate_advantage_dqn,814,298,85.94287241250277,79.48941615901887,30.61656828969717,55.32630394399166,1.569085918366909,17511.182888031006,0.0,25.0,0.0,1.0,0.050000000000000044,1.5171625018119812,1.5059846173971891,0.03725958755239844
immediate_advantage_dqn,814,299,75.26877716183662,80.05477400124074,29.886298537254333,45.38247846066952,1.4959190944209695,16375.162422180176,0.0,22.0,0.0,1.0,0.050000000000000044,1.6165838688611984,1.6036654580384493,0.04306134511716664
